((("full_text" .
   [1 0 0 0 0 0 0 0 0])
  ("nRST" .
   [1 0 0 0])
  ("dhit" .
   [2 0 0 0])
  ("emif" .
   [1 0 0 0])
  ("apt-get" .
   [2 0 0 0 0 0 0])
  ("install" .
   [2 0 0 0 0 0 0])
  ("ifidif" .
   [7 0 0 0 0 0])
  ("idexif" .
   [4 0 0 0 0 0])
  ("instr" .
   [1 0 0 0 0])
  ("jal_out" .
   [1 0 0 0 0 0 0])
  ("mem_2_reg_out" .
   [1 0 0 0 0 0 0 0 0 0 0 0 0])
  ("jump_addr_in" .
   [1 0 0 0 0 0 0 0 0 0 0 0])
  ("dWEN_in" .
   [1 0 0 0 0 0 0])
  ("aluop_t" .
   [1 0 0 0 0 0 0])
  ("aluop_in" .
   [1 0 0 0 0 0 0 0])
  ("aluop_out" .
   [1 0 0 0 0 0 0 0 0])
  ("halt_out" .
   [1 0 0 0 0 0 0 0])
  ("halt_in" .
   [1 0 0 0 0 0 0])
  ("CLK" .
   [6 0 0])
  ("RPi" .
   [1 0 0])
  ("gpio" .
   [1 0 0 0])
  ("GPIO" .
   [2 0 0 0])
  ("output" .
   [1 0 0 0 0 0])
  ("pinta" .
   [1 0 0 0 0])))
